1000 1
2000 0
3000 1
4000 1
5000 1
6000 1
7000 2
8000 1
9000 2
10000 2
11000 2
12000 2
13000 3
14000 3
15000 4
16000 3
17000 4
18000 5
19000 4
20000 4
21000 5
22000 5
23000 6
24000 6
25000 6
26000 6
27000 6
28000 7
29000 7
30000 8
31000 8
32000 7
33000 9
34000 15
35000 8
36000 9
37000 9
38000 10
39000 10
40000 11
41000 11
42000 10
43000 12
44000 11
45000 11
46000 11
47000 12
48000 12
49000 13
50000 12
51000 13
52000 12
53000 14
54000 14
55000 13
56000 14
57000 15
58000 16
59000 16
60000 15
61000 16
62000 17
63000 17
64000 17
65000 18
66000 18
67000 18
68000 22
69000 23
70000 22
71000 23
72000 23
73000 24
74000 23
75000 22
76000 20
77000 21
78000 20
79000 21
80000 21
81000 21
82000 24
83000 24
84000 23
85000 22
86000 24
87000 23
88000 24
89000 25
90000 25
91000 24
92000 26
93000 25
94000 27
95000 27
96000 27
97000 26
98000 26
99000 27
100000 27
101000 27
102000 27
103000 28
104000 29
105000 28
106000 33
107000 29
108000 29
109000 30
110000 32
111000 30
112000 30
113000 32
114000 31
115000 29
116000 32
117000 32
118000 33
119000 33
120000 31
121000 34
122000 34
123000 34
124000 33
125000 34
126000 36
127000 35
128000 35
129000 34
130000 35
131000 36
132000 36
133000 36
134000 36
135000 37
136000 37
137000 38
138000 38
139000 39
140000 38
141000 38
142000 39
143000 39
144000 40
145000 40
146000 40
147000 40
148000 41
149000 42
150000 42
151000 42
152000 43
153000 41
154000 43
155000 44
156000 43
157000 43
158000 45
159000 45
160000 44
161000 44
162000 45
163000 44
164000 46
165000 46
166000 46
167000 47
168000 47
169000 47
170000 48
171000 47
172000 48
173000 50
174000 51
175000 50
176000 49
177000 50
178000 49
179000 54
180000 51
181000 51
182000 53
183000 54
184000 53
185000 58
186000 54
187000 58
188000 56
189000 57
190000 55
191000 56
192000 59
193000 56
194000 59
195000 56
196000 57
197000 58
198000 59
199000 60
200000 63
201000 61
202000 61
203000 65
204000 60
205000 67
206000 59
207000 60
208000 71
209000 73
210000 73
211000 74
212000 68
213000 70
214000 74
215000 72
216000 70
217000 69
218000 66
219000 70
220000 68
221000 72
222000 66
223000 72
224000 72
225000 70
226000 74
227000 72
228000 79
229000 68
230000 76
231000 73
232000 71
233000 71
234000 78
235000 73
236000 78
237000 78
238000 74
239000 79
240000 76
241000 82
242000 80
243000 82
244000 84
245000 83
246000 86
247000 84
248000 79
249000 75
250000 72
251000 74
252000 80
253000 76
254000 76
255000 78
256000 75
257000 79
258000 85
259000 74
260000 77
261000 77
262000 81
263000 76
264000 79
265000 77
266000 79
267000 78
268000 80
269000 78
270000 78
271000 80
272000 80
273000 79
274000 82
275000 79
276000 86
277000 83
278000 83
279000 83
280000 83
281000 87
282000 84
283000 83
284000 85
285000 88
286000 87
287000 86
288000 84
289000 83
290000 85
291000 85
292000 87
293000 96
294000 85
295000 85
296000 86
297000 89
298000 93
299000 88
300000 87
301000 90
302000 89
303000 88
304000 90
305000 90
306000 93
307000 91
308000 96
309000 89
310000 93
311000 91
312000 92
313000 99
314000 93
315000 100
316000 96
317000 94
318000 92
319000 98
320000 97
321000 94
322000 94
323000 96
324000 95
325000 96
326000 95
327000 95
328000 97
329000 100
330000 96
331000 96
332000 102
333000 99
334000 98
335000 101
336000 100
337000 100
338000 100
339000 101
340000 101
341000 101
342000 102
343000 99
344000 103
345000 105
346000 101
347000 104
348000 101
349000 106
350000 105
351000 105
352000 106
353000 106
354000 106
355000 106
356000 108
357000 106
358000 104
359000 105
360000 108
361000 108
362000 106
363000 106
364000 107
365000 111
366000 113
367000 112
368000 110
369000 128
370000 115
371000 110
372000 117
373000 116
374000 109
375000 111
376000 117
377000 113
378000 115
379000 115
380000 116
381000 116
382000 120
383000 120
384000 115
385000 116
386000 120
387000 116
388000 117
389000 119
390000 118
391000 122
392000 119
393000 120
394000 119
395000 124
396000 123
397000 119
398000 119
399000 123
400000 120
401000 130
402000 121
403000 124
404000 131
405000 125
406000 125
407000 122
408000 123
409000 123
410000 124
411000 124
412000 122
413000 128
414000 126
415000 128
416000 128
417000 124
418000 126
419000 127
420000 125
421000 126
422000 128
423000 127
424000 133
425000 136
426000 128
427000 129
428000 132
429000 131
430000 131
431000 139
432000 131
433000 134
434000 130
435000 130
436000 131
437000 132
438000 135
439000 132
440000 138
441000 137
442000 133
443000 133
444000 138
445000 136
446000 137
447000 135
448000 137
449000 134
450000 134
451000 135
452000 135
453000 135
454000 138
455000 137
456000 138
457000 136
458000 137
459000 138
460000 140
461000 138
462000 138
463000 140
464000 141
465000 141
466000 142
467000 142
468000 142
469000 141
470000 142
471000 142
472000 143
473000 149
474000 147
475000 147
476000 145
477000 145
478000 146
479000 145
480000 148
481000 148
482000 149
483000 146
484000 148
485000 148
486000 152
487000 156
488000 148
489000 149
490000 147
491000 147
492000 150
493000 150
494000 154
495000 150
496000 148
497000 152
498000 152
499000 153
500000 151
501000 156
502000 159
503000 155
504000 155
505000 157
506000 157
507000 153
508000 159
509000 163
510000 158
511000 160
512000 164
513000 156
514000 157
515000 161
516000 165
517000 159
518000 158
519000 157
520000 157
521000 159
522000 158
523000 160
524000 164
525000 164
526000 157
527000 157
528000 160
529000 159
530000 161
531000 162
532000 171
533000 166
534000 166
535000 165
536000 165
537000 170
538000 167
539000 175
540000 167
541000 179
542000 166
543000 165
544000 171
545000 174
546000 170
547000 169
548000 167
549000 172
550000 168
551000 172
552000 171
553000 172
554000 173
555000 171
556000 169
557000 177
558000 174
559000 173
560000 172
561000 173
562000 176
563000 173
564000 175
565000 179
566000 178
567000 180
568000 176
569000 178
570000 177
571000 179
572000 177
573000 184
574000 180
575000 190
576000 178
577000 176
578000 179
579000 181
580000 180
581000 184
582000 183
583000 181
584000 186
585000 181
586000 183
587000 184
588000 183
589000 188
590000 180
591000 187
592000 192
593000 184
594000 191
595000 188
596000 186
597000 197
598000 187
599000 188
600000 186
601000 188
602000 187
603000 192
604000 192
605000 191
606000 190
607000 195
608000 193
609000 190
610000 190
611000 189
612000 206
613000 198
614000 195
615000 193
616000 196
617000 193
618000 198
619000 192
620000 197
621000 195
622000 197
623000 194
624000 204
625000 205
626000 201
627000 203
628000 208
629000 201
630000 202
631000 208
632000 206
633000 204
634000 203
635000 198
636000 206
637000 204
638000 210
639000 219
640000 209
641000 207
642000 200
643000 204
644000 201
645000 201
646000 201
647000 202
648000 201
649000 202
650000 203
651000 231
652000 210
653000 211
654000 207
655000 253
656000 219
657000 211
658000 212
659000 212
660000 217
661000 220
662000 274
663000 222
664000 226
665000 215
666000 214
667000 214
668000 214
669000 210
670000 211
671000 211
672000 237
673000 222
674000 211
675000 218
676000 212
677000 217
678000 219
679000 214
680000 214
681000 217
682000 222
683000 213
684000 237
685000 235
686000 219
687000 216
688000 212
689000 217
690000 213
691000 218
692000 221
693000 221
694000 216
695000 219
696000 221
697000 224
698000 228
699000 221
700000 219
701000 220
702000 220
703000 225
704000 221
705000 221
706000 222
707000 225
708000 229
709000 224
710000 224
711000 223
712000 231
713000 223
714000 231
715000 224
716000 226
717000 230
718000 226
719000 227
720000 231
721000 225
722000 230
723000 229
724000 224
725000 232
726000 228
727000 228
728000 230
729000 226
730000 228
731000 232
732000 229
733000 229
734000 231
735000 238
736000 232
737000 236
738000 232
739000 248
740000 237
741000 239
742000 233
743000 240
744000 237
745000 231
746000 235
747000 237
748000 238
749000 236
750000 238
751000 241
752000 238
753000 246
754000 238
755000 241
756000 251
757000 239
758000 242
759000 240
760000 240
761000 242
762000 243
763000 243
764000 238
765000 243
766000 245
767000 243
768000 247
769000 244
770000 247
771000 252
772000 245
773000 247
774000 246
775000 248
776000 248
777000 244
778000 248
779000 247
780000 249
781000 247
782000 251
783000 248
784000 248
785000 249
786000 251
787000 256
788000 249
789000 255
790000 251
791000 252
792000 254
793000 255
794000 252
795000 257
796000 254
797000 257
798000 251
799000 259
800000 259
801000 259
802000 255
803000 255
804000 256
805000 258
806000 261
807000 264
808000 257
809000 258
810000 256
811000 264
812000 263
813000 261
814000 265
815000 263
816000 262
817000 262
818000 260
819000 262
820000 257
821000 258
822000 260
823000 261
824000 259
825000 263
826000 261
827000 259
828000 261
829000 263
830000 263
831000 265
832000 265
833000 264
834000 264
835000 263
836000 276
837000 284
838000 267
839000 270
840000 268
841000 276
842000 271
843000 274
844000 271
845000 275
846000 267
847000 277
848000 277
849000 273
850000 275
851000 281
852000 274
853000 273
854000 275
855000 271
856000 272
857000 273
858000 273
859000 279
860000 271
861000 278
862000 274
863000 281
864000 273
865000 277
866000 284
867000 288
868000 278
869000 279
870000 281
871000 279
872000 278
873000 278
874000 282
875000 277
876000 286
877000 289
878000 287
879000 281
880000 279
881000 285
882000 286
883000 283
884000 282
885000 288
886000 287
887000 291
888000 286
889000 287
890000 286
891000 287
892000 287
893000 283
894000 286
895000 286
896000 285
897000 286
898000 288
899000 285
900000 290
901000 291
902000 294
903000 295
904000 301
905000 297
906000 295
907000 293
908000 297
909000 291
910000 291
911000 293
912000 292
913000 293
914000 293
915000 291
916000 292
917000 294
918000 292
919000 302
920000 297
921000 296
922000 297
923000 304
924000 299
925000 303
926000 300
927000 301
928000 310
929000 301
930000 302
931000 307
932000 306
933000 302
934000 303
935000 302
936000 299
937000 306
938000 300
939000 299
940000 304
941000 300
942000 306
943000 338
944000 374
945000 356
946000 322
947000 327
948000 345
949000 374
950000 365
951000 336
952000 327
953000 344
954000 360
955000 358
956000 330
957000 344
958000 328
959000 309
960000 311
961000 349
962000 373
963000 377
964000 377
965000 367
966000 375
967000 375
968000 343
969000 373
970000 365
971000 372
972000 373
973000 374
974000 386
975000 375
976000 380
977000 333
978000 338
979000 341
980000 337
981000 329
982000 388
983000 334
984000 351
985000 354
986000 324
987000 326
988000 327
989000 328
990000 318
991000 328
992000 334
993000 334
994000 331
995000 328
996000 330
997000 328
998000 326
999000 332
1000000 331
