1000 2
2000 10
3000 20
4000 34
5000 55
6000 79
7000 112
8000 152
9000 195
10000 280
11000 294
12000 420
13000 436
14000 556
15000 568
16000 696
17000 779
18000 791
19000 942
20000 1098
21000 1205
22000 1335
23000 1397
24000 1676
25000 2529
26000 2259
27000 2549
28000 2719
29000 3288
30000 3084
31000 3617
32000 3687
33000 3857
34000 4393
35000 4223
36000 4697
37000 4674
38000 5032
39000 5628
40000 4269
41000 4283
42000 4436
43000 4977
44000 4825
45000 5112
46000 5357
47000 5355
48000 5587
49000 5816
50000 6073
51000 6323
52000 6584
53000 7227
54000 7348
55000 7882
56000 10662
57000 11973
58000 12116
59000 12313
60000 12685
61000 13207
62000 13694
63000 14395
64000 15220
65000 11056
66000 13515
67000 15695
68000 16550
69000 18796
70000 18283
71000 18985
72000 16012
73000 19527
74000 22294
75000 24090
76000 20805
77000 22729
78000 23155
79000 21003
80000 20621
81000 16723
82000 16429
83000 17630
84000 17757
85000 18230
86000 18007
87000 18434
88000 18876
89000 19527
90000 19713
91000 20262
92000 20683
93000 21109
94000 21676
95000 22260
96000 22560
97000 23531
98000 26958
99000 32242
100000 30047
