1000 1
2000 0
3000 1
4000 0
5000 1
6000 1
7000 1
8000 2
9000 2
10000 2
11000 3
12000 2
13000 3
14000 3
15000 3
16000 4
17000 4
18000 4
19000 4
20000 5
21000 4
22000 5
23000 6
24000 5
25000 6
26000 6
27000 6
28000 6
29000 6
30000 7
31000 7
32000 8
33000 8
34000 8
35000 8
36000 10
37000 8
38000 10
39000 9
40000 10
41000 9
42000 10
43000 11
44000 10
45000 12
46000 11
47000 11
48000 12
49000 12
50000 13
51000 12
52000 14
53000 13
54000 14
55000 13
56000 19
57000 18
58000 19
59000 17
60000 18
61000 16
62000 14
63000 15
64000 20
65000 16
66000 17
67000 17
68000 17
69000 18
70000 17
71000 18
72000 19
73000 20
74000 20
75000 19
76000 19
77000 20
78000 21
79000 20
80000 20
81000 21
82000 21
83000 23
84000 23
85000 22
86000 21
87000 22
88000 25
89000 22
90000 23
91000 23
92000 25
93000 24
94000 24
95000 26
96000 25
97000 25
98000 25
99000 26
100000 26
101000 27
102000 25
103000 26
104000 26
105000 28
106000 27
107000 29
108000 27
109000 29
110000 28
111000 30
112000 29
113000 29
114000 30
115000 30
116000 31
117000 31
118000 32
119000 31
120000 33
121000 32
122000 31
123000 33
124000 32
125000 35
126000 34
127000 34
128000 34
129000 35
130000 34
131000 34
132000 35
133000 36
134000 36
135000 36
136000 36
137000 36
138000 36
139000 37
140000 38
141000 38
142000 38
143000 39
144000 39
145000 39
146000 40
147000 42
148000 40
149000 39
150000 41
151000 41
152000 41
153000 42
154000 42
155000 42
156000 43
157000 43
158000 43
159000 44
160000 43
161000 43
162000 43
163000 44
164000 43
165000 45
166000 47
167000 45
168000 45
169000 46
170000 46
171000 46
172000 47
173000 48
174000 48
175000 46
176000 47
177000 48
178000 50
179000 49
180000 49
181000 50
182000 49
183000 50
184000 50
185000 50
186000 50
187000 52
188000 54
189000 52
190000 52
191000 52
192000 53
193000 56
194000 64
195000 67
196000 67
197000 66
198000 66
199000 61
200000 65
201000 62
202000 60
203000 65
204000 69
205000 70
206000 67
207000 67
208000 65
209000 59
210000 64
211000 65
212000 81
213000 66
214000 60
215000 68
216000 64
217000 72
218000 73
219000 74
220000 68
221000 66
222000 64
223000 67
224000 67
225000 75
226000 70
227000 69
228000 66
229000 72
230000 73
231000 77
232000 75
233000 78
234000 72
235000 77
236000 75
237000 75
238000 80
239000 77
240000 75
241000 69
242000 79
243000 79
244000 82
245000 81
246000 78
247000 80
248000 86
249000 85
250000 83
251000 81
252000 85
253000 82
254000 83
255000 85
256000 83
257000 83
258000 82
259000 87
260000 88
261000 84
262000 88
263000 86
264000 88
265000 89
266000 88
267000 91
268000 87
269000 87
270000 91
271000 88
272000 84
273000 84
274000 81
275000 89
276000 85
277000 86
278000 94
279000 91
280000 86
281000 93
282000 100
283000 89
284000 86
285000 86
286000 81
287000 86
288000 83
289000 86
290000 89
291000 92
292000 96
293000 92
294000 85
295000 89
296000 87
297000 84
298000 90
299000 89
300000 88
301000 101
302000 103
303000 99
304000 94
305000 94
306000 88
307000 94
308000 92
309000 97
310000 102
311000 100
312000 102
313000 106
314000 110
315000 103
316000 99
317000 97
318000 98
319000 97
320000 95
321000 108
322000 114
323000 105
324000 98
325000 97
326000 100
327000 96
328000 96
329000 101
330000 123
331000 113
332000 108
333000 98
334000 100
335000 103
336000 102
337000 116
338000 113
339000 107
340000 111
341000 104
342000 105
343000 113
344000 120
345000 105
346000 114
347000 112
348000 117
349000 110
350000 114
351000 120
352000 118
353000 124
354000 108
355000 109
356000 121
357000 122
358000 123
359000 121
360000 121
361000 117
362000 124
363000 125
364000 130
365000 119
366000 125
367000 121
368000 116
369000 114
370000 114
371000 108
372000 112
373000 117
374000 114
375000 116
376000 124
377000 128
378000 128
379000 129
380000 128
381000 135
382000 128
383000 134
384000 137
385000 138
386000 137
387000 133
388000 131
389000 136
390000 140
391000 141
392000 132
393000 144
394000 137
395000 137
396000 139
397000 138
398000 144
399000 143
400000 137
401000 136
402000 134
403000 137
404000 127
405000 124
406000 133
407000 125
408000 127
409000 125
410000 138
411000 140
412000 132
413000 126
414000 131
415000 125
416000 132
417000 147
418000 143
419000 142
420000 134
421000 129
422000 129
423000 144
424000 146
425000 143
426000 144
427000 135
428000 133
429000 134
430000 131
431000 131
432000 133
433000 162
434000 150
435000 151
436000 144
437000 138
438000 136
439000 138
440000 137
441000 148
442000 155
443000 152
444000 142
445000 139
446000 137
447000 138
448000 148
449000 159
450000 160
451000 146
452000 145
453000 142
454000 165
455000 144
456000 146
457000 148
458000 144
459000 169
460000 163
461000 160
462000 158
463000 165
464000 158
465000 162
466000 177
467000 157
468000 170
469000 168
470000 165
471000 162
472000 158
473000 176
474000 174
475000 172
476000 176
477000 166
478000 157
479000 152
480000 149
481000 147
482000 148
483000 149
484000 146
485000 150
486000 149
487000 148
488000 151
489000 151
490000 151
491000 153
492000 152
493000 151
494000 150
495000 152
496000 153
497000 152
498000 153
499000 155
500000 155
501000 153
502000 154
503000 154
504000 155
505000 156
506000 158
507000 167
508000 154
509000 156
510000 156
511000 159
512000 160
513000 163
514000 156
515000 158
516000 159
517000 161
518000 160
519000 161
520000 160
521000 160
522000 160
523000 160
524000 165
525000 160
526000 164
527000 163
528000 166
529000 166
530000 162
531000 159
532000 168
533000 165
534000 162
535000 164
536000 164
537000 166
538000 169
539000 166
540000 165
541000 164
542000 168
543000 167
544000 166
545000 173
546000 173
547000 167
548000 173
549000 171
550000 170
551000 168
552000 170
553000 172
554000 169
555000 171
556000 174
557000 173
558000 172
559000 172
560000 174
561000 172
562000 174
563000 175
564000 173
565000 175
566000 178
567000 177
568000 177
569000 176
570000 180
571000 177
572000 177
573000 180
574000 175
575000 177
576000 181
577000 179
578000 177
579000 184
580000 180
581000 178
582000 184
583000 182
584000 182
585000 181
586000 180
587000 183
588000 185
589000 181
590000 185
591000 183
592000 191
593000 186
594000 186
595000 187
596000 183
597000 186
598000 188
599000 185
600000 186
601000 186
602000 186
603000 189
604000 187
605000 189
606000 189
607000 189
608000 190
609000 189
610000 191
611000 189
612000 191
613000 191
614000 194
615000 214
616000 240
617000 212
618000 226
619000 203
620000 209
621000 228
622000 228
623000 207
624000 211
625000 231
626000 233
627000 205
628000 197
629000 211
630000 229
631000 229
632000 215
633000 233
634000 233
635000 231
636000 229
637000 232
638000 234
639000 247
640000 231
641000 229
642000 206
643000 218
644000 201
645000 200
646000 203
647000 206
648000 202
649000 204
650000 205
651000 203
652000 204
653000 206
654000 208
655000 204
656000 210
657000 220
658000 245
659000 237
660000 228
661000 233
662000 253
663000 249
664000 248
665000 236
666000 219
667000 227
668000 252
669000 257
670000 231
671000 218
672000 223
673000 214
674000 222
675000 273
676000 258
677000 260
678000 235
679000 245
680000 221
681000 221
682000 215
683000 216
684000 221
685000 215
686000 220
687000 216
688000 218
689000 219
690000 215
691000 219
692000 218
693000 222
694000 222
695000 221
696000 219
697000 221
698000 218
699000 222
700000 223
701000 220
702000 225
703000 247
704000 237
705000 224
706000 228
707000 230
708000 230
709000 226
710000 224
711000 225
712000 224
713000 231
714000 248
715000 244
716000 250
717000 227
718000 238
719000 232
720000 231
721000 232
722000 234
723000 244
724000 252
725000 263
726000 247
727000 235
728000 234
729000 233
730000 230
731000 234
732000 234
733000 233
734000 237
735000 233
736000 238
737000 250
738000 259
739000 258
740000 247
741000 236
742000 239
743000 236
744000 236
745000 240
746000 241
747000 245
748000 240
749000 242
750000 241
751000 239
752000 243
753000 241
754000 243
755000 242
756000 241
757000 243
758000 240
759000 247
760000 241
761000 245
762000 245
763000 242
764000 245
765000 245
766000 242
767000 243
768000 243
769000 261
770000 244
771000 246
772000 248
773000 248
774000 248
775000 248
776000 250
777000 246
778000 249
779000 248
780000 251
781000 255
782000 250
783000 252
784000 247
785000 254
786000 250
787000 254
788000 251
789000 253
790000 254
791000 262
792000 258
793000 254
794000 254
795000 257
796000 264
797000 269
798000 301
799000 267
800000 271
801000 272
802000 292
803000 270
804000 271
805000 276
806000 280
807000 275
808000 261
809000 258
810000 263
811000 273
812000 275
813000 271
814000 263
815000 261
816000 265
817000 260
818000 266
819000 261
820000 262
821000 266
822000 263
823000 263
824000 267
825000 262
826000 271
827000 263
828000 266
829000 263
830000 268
831000 265
832000 274
833000 272
834000 269
835000 268
836000 266
837000 266
838000 268
839000 269
840000 271
841000 265
842000 269
843000 270
844000 276
845000 271
846000 274
847000 272
848000 283
849000 273
850000 280
851000 272
852000 274
853000 272
854000 276
855000 284
856000 278
857000 275
858000 276
859000 277
860000 273
861000 278
862000 274
863000 282
864000 274
865000 279
866000 278
867000 275
868000 282
869000 285
870000 284
871000 282
872000 292
873000 283
874000 281
875000 284
876000 294
877000 283
878000 285
879000 285
880000 282
881000 286
882000 285
883000 289
884000 285
885000 285
886000 293
887000 286
888000 286
889000 288
890000 292
891000 287
892000 288
893000 290
894000 289
895000 294
896000 290
897000 297
898000 291
899000 297
900000 291
901000 290
902000 293
903000 287
904000 289
905000 291
906000 294
907000 292
908000 298
909000 296
910000 299
911000 291
912000 301
913000 299
914000 296
915000 294
916000 299
917000 295
918000 300
919000 298
920000 294
921000 298
922000 298
923000 296
924000 304
925000 301
926000 303
927000 303
928000 297
929000 305
930000 303
931000 300
932000 300
933000 302
934000 304
935000 301
936000 305
937000 309
938000 302
939000 310
940000 363
941000 329
942000 348
943000 387
944000 373
945000 337
946000 354
947000 358
948000 393
949000 395
950000 406
951000 376
952000 388
953000 385
954000 386
955000 380
956000 382
957000 345
958000 337
959000 308
960000 319
961000 321
962000 319
963000 312
964000 325
965000 314
966000 314
967000 321
968000 315
969000 317
970000 320
971000 317
972000 316
973000 320
974000 324
975000 320
976000 315
977000 322
978000 322
979000 318
980000 320
981000 323
982000 322
983000 318
984000 324
985000 394
986000 379
987000 335
988000 326
989000 329
990000 322
991000 330
992000 320
993000 332
994000 325
995000 375
996000 322
997000 326
998000 333
999000 328
1000000 371