1000 2
2000 12
3000 28
4000 49
5000 81
6000 113
7000 153
8000 204
9000 261
10000 321
11000 397
12000 542
13000 624
14000 668
15000 814
16000 909
17000 1008
18000 1090
19000 1216
20000 1316
21000 1455
22000 1786
23000 2051
24000 2167
25000 2401
26000 2289
27000 2453
28000 2595
29000 2781
30000 3039
31000 3588
32000 3816
33000 4893
34000 4942
35000 4924
36000 4536
37000 4543
38000 4942
39000 5068
40000 5329
41000 5590
42000 6188
43000 6429
44000 6826
45000 6952
46000 7153
47000 7479
48000 7648
49000 8308
50000 8472
51000 9251
52000 9185
53000 10762
54000 11676
55000 12330
56000 10941
57000 11838
58000 12918
59000 11537
60000 11965
61000 12361
62000 12703
63000 13208
64000 13845
65000 14911
66000 16249
67000 15307
68000 15946
69000 16354
70000 16909
71000 17320
72000 17860
73000 18310
74000 18778
75000 19158
76000 19756
77000 20327
78000 21107
79000 21636
80000 22066
81000 22309
82000 22940
83000 23611
84000 24169
85000 24598
86000 25170
87000 26931
88000 28773
89000 28804
90000 28793
91000 28549
92000 29063
93000 29998
94000 30733
95000 31397
96000 31806
97000 32394
98000 33815
99000 34872
100000 33743
